test_AUPRC: 0.83333
test_AUROC: 0.50000
